image_width: 640
image_height: 480
camera_name: camera
camera_matrix:
  rows: 3
  cols: 3
  data: [799.038720, 0.000000, 310.109884, 0.000000, 800.617710, 252.996100, 0.000000, 0.000000, 1.000000]
distortion_model: plumb_bob
distortion_coefficients:
  rows: 1
  cols: 5
  data: [-0.044153, 0.166942, 0.000418, 0.001716, 0.000000]
rectification_matrix:
  rows: 3
  cols: 3
  data: [1.000000, 0.000000, 0.000000, 0.000000, 1.000000, 0.000000, 0.000000, 0.000000, 1.000000]
projection_matrix:
  rows: 3
  cols: 4
  data: [798.802368, 0.000000, 311.025269, 0.000000, 0.000000, 801.577454, 253.044477, 0.000000, 0.000000, 0.000000, 1.000000, 0.000000]
